nRF:	1
h:	216816	
RoQ:	106.5	
NC:	60	
Vq:	1555997	
Vs:	597201	
nBunch:	13551
nPB0:	700000000
R_ring:	15915.5
GMTSQ:	90089.066399999996
pRad0:	165000
Gamma0:	89041.278999999995
maxIter:	20000
nIb:	2
n_df:	100	
nMu:	1
m:	1
nOmegaGuess:	5
dfMin:	-200	
dfMax:	-150	
ps:	3610
epsilon:	0.01
max_step:	10
sig1:	(1.0000000000000001e-05,0)
sig2:	(0,1.0000000000000001e-05)
n_thread:	8
sig_z:	0.0023
eta : 1.1100000000630461e-05
h : 216816
Ek : 45500000075.657051
sig_t : 7.6719741895574975e-12
omega0 : 18836.508936639984
ps : 3610
nRF : 1
f0 : 2997.9235078609145
Qs : 0.028034416636001414
Tot # detune : 100
Q an R : 9484509.4269227479,60606015238.036362
Q an R : 4742254.7134613739,30303007619.018181
Change the detune of  the focusing cavity.
dfc : -200.00000002546471
dfc : -199.49999997360544
dfc : -198.99999999763719
dfc : -198.50000002166891
dfc : -197.99999996980964
dfc : -197.49999999384136
dfc : -197.00000001787311
dfc : -196.49999996601383
dfc : -195.99999999004555
dfc : -195.5000000140773
dfc : -194.99999996221803
dfc : -194.49999998624975
dfc : -194.00000001028147
dfc : -193.50000003431322
dfc : -192.99999998245394
dfc : -192.50000000648566
dfc : -192.00000003051741
dfc : -191.49999997865814
dfc : -191.00000000268986
dfc : -190.50000002672161
dfc : -189.99999997486233
dfc : -189.49999999889405
dfc : -189.00000002292578
dfc : -188.49999997106653
dfc : -187.99999999509825
dfc : -187.50000001912997
dfc : -186.99999996727072
dfc : -186.49999999130245
dfc : -186.00000001533417
dfc : -185.49999996347492
dfc : -184.99999998750664
dfc : -184.50000001153836
dfc : -184.00000003557008
dfc : -183.49999998371084
dfc : -183.00000000774256
dfc : -182.50000003177428
dfc : -181.99999997991503
dfc : -181.50000000394675
dfc : -181.00000002797847
dfc : -180.49999997611923
dfc : -180.00000000015095
dfc : -179.50000002418267
dfc : -178.99999997232339
dfc : -178.49999999635514
dfc : -178.00000002038686
dfc : -177.49999996852759
dfc : -176.99999999255934
dfc : -176.50000001659106
dfc : -175.99999996473178
dfc : -175.49999998876353
dfc : -175.00000001279525
dfc : -174.50000003682698
dfc : -173.9999999849677
dfc : -173.50000000899945
dfc : -173.00000003303117
dfc : -172.4999999811719
dfc : -172.00000000520365
dfc : -171.50000002923537
dfc : -170.99999997737609
dfc : -170.50000000140781
dfc : -170.00000002543956
dfc : -169.49999997358029
dfc : -168.99999999761201
dfc : -168.50000002164376
dfc : -167.99999996978448
dfc : -167.4999999938162
dfc : -167.00000001784795
dfc : -166.49999996598868
dfc : -165.9999999900204
dfc : -165.50000001405212
dfc : -164.99999996219287
dfc : -164.49999998622459
dfc : -164.00000001025631
dfc : -163.50000003428806
dfc : -162.99999998242879
dfc : -162.50000000646051
dfc : -162.00000003049226
dfc : -161.49999997863299
dfc : -161.00000000266471
dfc : -160.50000002669643
dfc : -159.99999997483718
dfc : -159.4999999988689
dfc : -159.00000002290062
dfc : -158.49999997104138
dfc : -157.9999999950731
dfc : -157.50000001910482
dfc : -156.99999996724557
dfc : -156.49999999127729
dfc : -156.00000001530901
dfc : -155.49999996344974
dfc : -154.99999998748149
dfc : -154.50000001151321
dfc : -154.00000003554493
dfc : -153.49999998368568
dfc : -153.0000000077174
dfc : -152.50000003174912
dfc : -151.99999997988988
dfc : -151.5000000039216
dfc : -151.00000002795332
dfc : -150.49999997609405
(163.18277093348345,502.22492765262245)
(-163.1827709334834,502.22492765262251)
(-427.21804068224804,310.3920752867777)
(-528.07053949752924,6.4669989591966511e-14)
(-427.21804068224816,-310.39207528677758)
1/2
2/2
Iterative solver takes : 2.1419649124145508 [s]. 
